###  Generated on: Fri 30 Aug 2024 01:49:50 IST 
###  Power method question data Assisgnment1 ME278
###  Matrix elements of first rows of matrix:
8.025317712778589074e-01
6.333723362494660947e-01
2.454518299361732048e-01
3.665101788611613287e-02
3.297227303428682532e-01
9.329938022397121777e-01
6.087612160901232361e-01
8.721086759512368669e-01
1.810228467180297063e-01
4.681615110256833745e-01
9.694088545617313146e-01
2.324830611147599146e-01
3.251474054946522640e-01
5.926844526232051269e-01
9.543023473406878621e-01
5.875179745798730924e-01
7.298449587857014365e-01
9.850976629459827771e-01
6.519389753778742636e-01
2.049581477016271247e-01
5.380983469495101978e-01
7.606571372288825073e-01
8.247978678560399235e-01
7.792974909952548046e-01
4.291774187078406522e-01
6.118234398592501400e-01
1.731410215831741262e-02
4.269946281966082724e-01
4.777034465368530380e-01
2.186252253676898016e-01
1.964669868201492919e-01
9.316384388744711753e-01
2.485924505871498491e-01
1.114380785759538917e-03
4.749789389717673505e-01
6.126321209077701946e-01
5.720082290685085669e-01
7.116373407517705418e-01
3.466262511978511762e-01
5.589881527513200776e-01
4.919540119859667771e-01
3.064375250107751469e-01
7.479398515594393171e-02
5.774854213400960612e-01
8.584719036505109591e-01
4.897528909987636236e-01
3.140005174839822777e-01
9.380554701114978133e-01
1.013288182919146463e-01
7.874998837546739461e-01
3.798286499870578981e-01
2.963043790742341255e-01
1.340154752304535402e-01
5.174984762265871785e-01
4.568582016671490775e-01
6.072666154384280812e-01
2.787830343345865103e-02
8.886548789884085586e-01
6.691287652593587154e-01
1.443767740488844931e-01
6.201310131631443401e-02
2.900838353297944261e-01
4.557847239168423270e-01
6.060612572105560369e-01
4.802744601449778772e-01
9.453028149811339986e-01
8.565821287915820204e-02
8.612143783324118784e-01
5.959622400800664854e-01
6.692235839560479738e-01
3.730332604548046715e-01
6.474070303338822496e-01
9.268325976329021554e-01
8.275801298306034726e-01
2.241981950163453030e-01
8.403109035194106236e-01
4.176777683681331954e-01
6.885256415888268977e-01
1.068999381183500796e-01
2.068765313666518502e-01
5.385099701215175783e-01
1.947421675307577926e-01
6.955600270185264833e-01
5.118197271261801795e-01
8.384270294472931928e-01
3.894444458776435969e-01
6.428959933165745433e-02
1.090058057394868163e-01
7.901309972655522484e-01
7.233881904632376569e-01
7.982954759745565232e-01
9.665440384813698271e-01
9.400458327723666407e-01
4.802790556653513399e-02
9.779078469629086667e-01
6.241432234001573764e-01
7.080938359106062618e-01
7.076426624656498854e-01
4.389473829557011264e-02
3.289059621480194817e-02
